H,E-PAPER-42,400,300,1,SPI,1,*,*,*,*,*,*,*,10
:S,1,1,1,0,10,10
:I
01,5,03,00,2b,2b,03
06,3,17,17,17
04,80
00,1,3F
30,1,3C
61,4,01,90,01,2C
82,1,28
50,1,97
:A,10,13,12
:T,450,10,450
:L1,20
00,17,00,00,00,02
00,17,17,00,00,02
00,0A,01,00,00,01
00,0E,0E,00,00,02
00,00,00,00,00,00
00,00,00,00,00,00
00,00,00,00,00,00,00,00
:L2,21
40,17,00,00,00,02
90,17,17,00,00,02
40,0A,01,00,00,01
A0,0E,0E,00,00,02
00,00,00,00,00,00
00,00,00,00,00,00
00,00,00,00,00,00
:L3,22
40,17,00,00,00,02
90,17,17,00,00,02
A0,0A,01,00,00,01
00,0E,0E,00,00,02
00,00,00,00,00,00
00,00,00,00,00,00
00,00,00,00,00,00
:L4,23
80,17,00,00,00,02
90,17,17,00,00,02
80,0A,01,00,00,01
50,0E,0E,00,00,02
00,00,00,00,00,00
00,00,00,00,00,00
00,00,00,00,00,00
:L5,24
80,17,00,00,00,02
90,17,17,00,00,02
80,0A,01,00,00,01
50,0E,0E,00,00,02
00,00,00,00,00,00
00,00,00,00,00,00
00,00,00,00,00,00
#
